Messreihe Ladevorgang Akku: AC ist Effektivwert
Frequenz: 100 Hz, Sin-Min: 100 mA, Sin-Max: 120 mA

t [s]; U_DC [v]; I_DC [mA]; R_DC [Ohm]; U_AC [v]; I_AC [mA]; R_Diff [Ohm]; C [mAh] 

5;1.258;107.9788;11.648;0.009609;6.9120;1.3902; 1.1
10;1.366;107.9796;12.647;0.007338;6.9113;1.0617; 1.6
15;1.398;107.9754;12.945;0.007266;6.9106;1.0514; 2.2
20;1.419;107.9703;13.142;0.007193;6.9101;1.0409; 2.7
25;1.435;107.9676;13.289;0.007143;6.9103;1.0336; 3.2
30;1.447;107.9620;13.406;0.007101;6.9104;1.0276; 3.8
35;1.458;107.9615;13.501;0.007072;6.9110;1.0233; 4.3
40;1.466;107.9595;13.582;0.007045;6.9111;1.0193; 4.9
45;1.474;107.9563;13.650;0.007011;6.9102;1.0146; 5.4
50;1.480;107.9505;13.710;0.006979;6.9098;1.0101; 5.9
55;1.486;107.9473;13.764;0.006961;6.9094;1.0074; 6.5
60;1.491;107.9443;13.814;0.006940;6.9110;1.0042; 7.0
65;1.496;107.9448;13.858;0.006924;6.9103;1.0020; 7.6
70;1.500;107.9398;13.900;0.006902;6.9110;0.9986; 8.1
75;1.504;107.9371;13.935;0.006883;6.9106;0.9960; 8.6
80;1.508;107.9384;13.969;0.006864;6.9098;0.9934; 9.2
85;1.511;107.9308;14.000;0.006845;6.9099;0.9907; 9.7
90;1.514;107.9338;14.029;0.006828;6.9103;0.9881;10.3
95;1.517;107.9314;14.056;0.006806;6.9092;0.9850;10.8
100;1.520;107.9256;14.081;0.006785;6.9086;0.9820;11.3
105;1.522;107.9259;14.104;0.006768;6.9099;0.9795;11.9
110;1.525;107.9246;14.128;0.006754;6.9092;0.9776;12.4
115;1.527;107.9221;14.152;0.006742;6.9102;0.9757;13.0
120;1.530;107.9202;14.173;0.006720;6.9100;0.9725;13.5
125;1.532;107.9190;14.192;0.006699;6.9098;0.9694;14.0
130;1.534;107.9170;14.212;0.006685;6.9103;0.9674;14.6
135;1.536;107.9159;14.231;0.006671;6.9102;0.9654;15.1
141;1.539;107.9161;14.259;0.006677;6.9108;0.9662;15.7
146;1.541;107.9130;14.277;0.006662;6.9106;0.9640;16.2
151;1.543;107.9118;14.294;0.006650;6.9104;0.9622;16.7
156;1.544;107.9128;14.310;0.006635;6.9101;0.9601;17.3
161;1.546;107.9093;14.324;0.006617;6.9094;0.9577;17.8
166;1.547;107.9105;14.340;0.006604;6.9101;0.9557;18.3
171;1.549;107.9097;14.352;0.006582;6.9099;0.9525;18.9
176;1.549;107.9067;14.360;0.006549;6.9102;0.9477;19.4
181;1.550;107.9051;14.366;0.006518;6.9105;0.9432;20.0
186;1.551;107.9033;14.374;0.006491;6.9103;0.9393;20.5
191;1.552;107.9026;14.386;0.006473;6.9094;0.9368;21.0
196;1.553;107.9018;14.395;0.006449;6.9095;0.9333;21.6
201;1.554;107.9010;14.405;0.006431;6.9096;0.9307;22.1
206;1.556;107.8987;14.425;0.006435;6.9085;0.9315;22.7
211;1.558;107.8989;14.440;0.006431;6.9080;0.9309;23.2
216;1.559;107.8998;14.446;0.006403;6.9100;0.9267;23.7
221;1.560;107.8937;14.459;0.006389;6.9089;0.9248;24.3
226;1.562;107.8946;14.474;0.006387;6.9100;0.9243;24.8
231;1.562;107.8910;14.481;0.006366;6.9094;0.9213;25.4
236;1.563;107.8916;14.489;0.006346;6.9090;0.9186;25.9
241;1.564;107.8895;14.495;0.006319;6.9084;0.9146;26.4
246;1.564;107.8889;14.501;0.006294;6.9088;0.9110;27.0
251;1.565;107.8871;14.505;0.006264;6.9092;0.9066;27.5
256;1.566;107.8851;14.515;0.006254;6.9089;0.9052;28.1
261;1.567;107.8851;14.527;0.006242;6.9088;0.9035;28.6
266;1.569;107.8845;14.539;0.006235;6.9090;0.9024;29.1
271;1.570;107.8840;14.555;0.006240;6.9098;0.9031;29.7
276;1.571;107.8832;14.565;0.006229;6.9101;0.9014;30.2
281;1.572;107.8830;14.575;0.006218;6.9094;0.8999;30.8
286;1.573;107.8797;14.585;0.006208;6.9091;0.8986;31.3
291;1.575;107.8789;14.602;0.006212;6.9091;0.8991;31.8
296;1.577;107.8794;14.615;0.006212;6.9093;0.8991;32.4
302;1.578;107.8791;14.623;0.006199;6.9086;0.8974;32.9
307;1.578;107.8780;14.629;0.006178;6.9089;0.8942;33.5
312;1.578;107.8739;14.632;0.006155;6.9093;0.8908;34.0
317;1.579;107.8768;14.640;0.006140;6.9097;0.8886;34.5
322;1.580;107.8751;14.647;0.006125;6.9087;0.8866;35.1
327;1.581;107.8739;14.653;0.006107;6.9094;0.8839;35.6
332;1.581;107.8741;14.658;0.006090;6.9102;0.8813;36.2
337;1.581;107.8745;14.659;0.006062;6.9099;0.8773;36.7
342;1.582;107.8737;14.661;0.006037;6.9091;0.8737;37.2
347;1.583;107.8740;14.678;0.006049;6.9096;0.8754;37.8
352;1.585;107.8750;14.693;0.006060;6.9094;0.8770;38.3
357;1.586;107.8733;14.705;0.006059;6.9099;0.8768;38.8
362;1.587;107.8714;14.708;0.006035;6.9098;0.8734;39.4
367;1.587;107.8731;14.708;0.006006;6.9098;0.8692;39.9
372;1.587;107.8682;14.713;0.005990;6.9083;0.8670;40.5
377;1.588;107.8684;14.722;0.005985;6.9093;0.8662;41.0
382;1.589;107.8671;14.729;0.005973;6.9092;0.8644;41.5
387;1.590;107.8678;14.737;0.005965;6.9094;0.8633;42.1
392;1.590;107.8646;14.743;0.005951;6.9098;0.8612;42.6
397;1.589;107.8662;14.734;0.005899;6.9092;0.8538;43.2
402;1.589;107.8668;14.731;0.005867;6.9090;0.8492;43.7
407;1.589;107.8630;14.736;0.005852;6.9089;0.8471;44.2
412;1.591;107.8653;14.749;0.005859;6.9083;0.8481;44.8
417;1.593;107.8632;14.765;0.005872;6.9092;0.8499;45.3
422;1.593;107.8640;14.771;0.005863;6.9079;0.8488;45.9
427;1.594;107.8628;14.778;0.005855;6.9089;0.8474;46.4
432;1.595;107.8630;14.788;0.005853;6.9087;0.8472;46.9
437;1.596;107.8630;14.795;0.005844;6.9087;0.8458;47.5
442;1.596;107.8606;14.795;0.005822;6.9090;0.8426;48.0
447;1.597;107.8582;14.804;0.005815;6.9089;0.8416;48.6
452;1.597;107.8585;14.807;0.005798;6.9092;0.8392;49.1
457;1.599;107.8595;14.822;0.005807;6.9083;0.8406;49.6
463;1.600;107.8617;14.833;0.005811;6.9091;0.8411;50.2
468;1.600;107.8557;14.834;0.005789;6.9079;0.8380;50.7
473;1.600;107.8559;14.838;0.005776;6.9083;0.8360;51.3
478;1.601;107.8559;14.843;0.005767;6.9085;0.8347;51.8
483;1.601;107.8546;14.848;0.005754;6.9084;0.8329;52.3
488;1.602;107.8571;14.856;0.005752;6.9079;0.8326;52.9
493;1.603;107.8562;14.863;0.005746;6.9081;0.8318;53.4
498;1.604;107.8518;14.871;0.005741;6.9071;0.8312;53.9
503;1.604;107.8528;14.876;0.005735;6.9082;0.8302;54.5
508;1.605;107.8560;14.880;0.005722;6.9087;0.8283;55.0
513;1.606;107.8532;14.889;0.005721;6.9086;0.8280;55.6
518;1.607;107.8530;14.897;0.005718;6.9093;0.8275;56.1
523;1.607;107.8542;14.904;0.005709;6.9086;0.8264;56.6
528;1.609;107.8514;14.916;0.005713;6.9091;0.8268;57.2
533;1.609;107.8516;14.917;0.005697;6.9097;0.8244;57.7
538;1.610;107.8493;14.924;0.005690;6.9087;0.8236;58.3
543;1.610;107.8549;14.931;0.005685;6.9086;0.8229;58.8
548;1.612;107.8523;14.946;0.005699;6.9088;0.8249;59.3
553;1.613;107.8509;14.957;0.005701;6.9084;0.8253;59.9
558;1.613;107.8491;14.960;0.005687;6.9092;0.8231;60.4
563;1.614;107.8512;14.966;0.005681;6.9108;0.8220;61.0
568;1.615;107.8517;14.974;0.005675;6.9091;0.8214;61.5
573;1.615;107.8501;14.978;0.005666;6.9087;0.8202;62.0
578;1.616;107.8469;14.982;0.005653;6.9089;0.8182;62.6
583;1.617;107.8497;14.989;0.005648;6.9097;0.8175;63.1
588;1.616;107.8455;14.988;0.005626;6.9086;0.8143;63.7
593;1.616;107.8487;14.981;0.005592;6.9099;0.8093;64.2
598;1.614;107.8468;14.970;0.005546;6.9093;0.8027;64.7
603;1.614;107.8477;14.964;0.005515;6.9087;0.7983;65.3
608;1.614;107.8461;14.968;0.005505;6.9092;0.7968;65.8
613;1.615;107.8442;14.975;0.005499;6.9092;0.7958;66.4
618;1.615;107.8484;14.974;0.005478;6.9105;0.7928;66.9
624;1.616;107.8450;14.984;0.005481;6.9101;0.7932;67.4
629;1.617;107.8463;14.993;0.005483;6.9088;0.7936;68.0
634;1.617;107.8451;14.995;0.005467;6.9094;0.7912;68.5
639;1.617;107.8482;14.997;0.005455;6.9098;0.7894;69.0
644;1.618;107.8466;15.007;0.005455;6.9096;0.7895;69.6
649;1.619;107.8451;15.016;0.005456;6.9093;0.7897;70.1
654;1.621;107.8448;15.027;0.005463;6.9094;0.7906;70.7
659;1.622;107.8443;15.037;0.005467;6.9087;0.7913;71.2
664;1.623;107.8405;15.046;0.005471;6.9098;0.7918;71.7
669;1.623;107.8389;15.051;0.005463;6.9091;0.7906;72.3
674;1.623;107.8427;15.051;0.005446;6.9092;0.7882;72.8
679;1.623;107.8383;15.052;0.005427;6.9084;0.7856;73.4
684;1.624;107.8416;15.056;0.005422;6.9092;0.7847;73.9
689;1.624;107.8416;15.061;0.005415;6.9090;0.7838;74.4
694;1.625;107.8390;15.070;0.005417;6.9091;0.7840;75.0
699;1.626;107.8388;15.078;0.005416;6.9091;0.7839;75.5
704;1.627;107.8392;15.086;0.005414;6.9089;0.7836;76.1
709;1.628;107.8373;15.096;0.005418;6.9092;0.7842;76.6
714;1.629;107.8355;15.105;0.005419;6.9090;0.7844;77.1
719;1.630;107.8364;15.117;0.005429;6.9090;0.7857;77.7
724;1.631;107.8346;15.124;0.005427;6.9089;0.7856;78.2
729;1.631;107.8372;15.124;0.005410;6.9088;0.7831;78.8
734;1.631;107.8364;15.124;0.005393;6.9083;0.7806;79.3
739;1.631;107.8337;15.127;0.005382;6.9092;0.7789;79.8
744;1.632;107.8352;15.131;0.005373;6.9088;0.7778;80.4
749;1.632;107.8344;15.135;0.005364;6.9091;0.7763;80.9
754;1.633;107.8375;15.140;0.005362;6.9084;0.7762;81.4
759;1.633;107.8368;15.147;0.005361;6.9085;0.7760;82.0
764;1.634;107.8344;15.150;0.005353;6.9086;0.7749;82.5
769;1.634;107.8358;15.156;0.005350;6.9085;0.7745;83.1
774;1.635;107.8343;15.162;0.005346;6.9081;0.7739;83.6
779;1.636;107.8336;15.168;0.005341;6.9091;0.7731;84.1
785;1.636;107.8324;15.173;0.005336;6.9073;0.7725;84.7
790;1.637;107.8350;15.177;0.005330;6.9076;0.7717;85.2
795;1.637;107.8353;15.181;0.005323;6.9086;0.7704;85.8
800;1.638;107.8337;15.187;0.005319;6.9084;0.7700;86.3
805;1.638;107.8342;15.191;0.005313;6.9078;0.7692;86.8
810;1.639;107.8331;15.198;0.005312;6.9083;0.7689;87.4
815;1.639;107.8311;15.200;0.005303;6.9086;0.7676;87.9
820;1.640;107.8336;15.207;0.005303;6.9068;0.7678;88.5
825;1.641;107.8314;15.217;0.005311;6.9073;0.7689;89.0
830;1.642;107.8320;15.225;0.005317;6.9079;0.7697;89.5
835;1.643;107.8323;15.232;0.005322;6.9085;0.7703;90.1
840;1.643;107.8303;15.240;0.005324;6.9081;0.7707;90.6
845;1.644;107.8299;15.247;0.005327;6.9086;0.7711;91.2
850;1.645;107.8280;15.255;0.005331;6.9080;0.7718;91.7
855;1.646;107.8302;15.261;0.005332;6.9083;0.7718;92.2
860;1.646;107.8246;15.269;0.005336;6.9077;0.7724;92.8
865;1.647;107.8248;15.278;0.005343;6.9089;0.7733;93.3
870;1.648;107.8269;15.286;0.005347;6.9076;0.7741;93.9
875;1.649;107.8282;15.295;0.005356;6.9081;0.7752;94.4
880;1.650;107.8287;15.305;0.005369;6.9087;0.7771;94.9
885;1.651;107.8296;15.313;0.005376;6.9094;0.7780;95.5
890;1.652;107.8255;15.323;0.005386;6.9095;0.7795;96.0
895;1.653;107.8271;15.332;0.005395;6.9079;0.7810;96.5
900;1.654;107.8261;15.339;0.005403;6.9080;0.7821;97.1
905;1.655;107.8286;15.347;0.005409;6.9083;0.7830;97.6
910;1.656;107.8277;15.357;0.005420;6.9090;0.7845;98.2
916;1.657;107.8291;15.364;0.005431;6.9085;0.7862;98.7
921;1.658;107.8274;15.373;0.005440;6.9086;0.7874;99.2
926;1.659;107.8304;15.381;0.005449;6.9089;0.7887;99.8
931;1.659;107.8272;15.390;0.005461;6.9086;0.7904;100.3
936;1.660;107.8291;15.398;0.005471;6.9082;0.7919;100.9
941;1.661;107.8304;15.405;0.005482;6.9085;0.7935;101.4
946;1.662;107.8296;15.415;0.005496;6.9083;0.7955;101.9
951;1.663;107.8262;15.423;0.005509;6.9088;0.7975;102.5
956;1.664;107.8273;15.430;0.005523;6.9084;0.7994;103.0
961;1.664;107.8279;15.436;0.005527;6.9088;0.8000;103.6
966;1.665;107.8302;15.445;0.005540;6.9092;0.8019;104.1
971;1.666;107.8286;15.454;0.005556;6.9079;0.8043;104.6
976;1.667;107.8289;15.463;0.005573;6.9086;0.8067;105.2
981;1.668;107.8261;15.473;0.005592;6.9085;0.8094;105.7
986;1.669;107.8262;15.483;0.005610;6.9089;0.8120;106.3
991;1.669;107.8271;15.481;0.005605;6.9086;0.8113;106.8
996;1.669;107.8262;15.482;0.005616;6.9096;0.8129;107.3
1001;1.670;107.8259;15.489;0.005638;6.9081;0.8161;107.9
1006;1.671;107.8236;15.498;0.005658;6.9079;0.8191;108.4
1011;1.672;107.8271;15.508;0.005685;6.9084;0.8229;108.9
1016;1.673;107.8272;15.519;0.005716;6.9090;0.8273;109.5
1021;1.675;107.8287;15.530;0.005749;6.9083;0.8322;110.0
1026;1.676;107.8258;15.542;0.005778;6.9088;0.8363;110.6
1031;1.677;107.8252;15.553;0.005809;6.9089;0.8407;111.1
1036;1.678;107.8253;15.566;0.005846;6.9082;0.8463;111.6
1041;1.680;107.8253;15.578;0.005879;6.9078;0.8511;112.2
1046;1.681;107.8233;15.593;0.005923;6.9088;0.8573;112.7
1051;1.683;107.8266;15.607;0.005969;6.9084;0.8641;113.3
1056;1.684;107.8261;15.620;0.006010;6.9088;0.8700;113.8
1062;1.686;107.8221;15.635;0.006051;6.9084;0.8760;114.3
1067;1.687;107.8202;15.649;0.006092;6.9081;0.8819;114.9
1072;1.689;107.8226;15.664;0.006141;6.9085;0.8890;115.4
1077;1.691;107.8239;15.679;0.006192;6.9094;0.8962;116.0
1082;1.692;107.8229;15.694;0.006238;6.9088;0.9029;116.5
1087;1.694;107.8216;15.710;0.006295;6.9087;0.9112;117.0
1092;1.696;107.8207;15.726;0.006347;6.9087;0.9186;117.6
1097;1.697;107.8198;15.742;0.006393;6.9090;0.9253;118.1
1102;1.699;107.8230;15.756;0.006432;6.9080;0.9311;118.7
1107;1.701;107.8211;15.774;0.006491;6.9083;0.9396;119.2
1112;1.702;107.8220;15.786;0.006527;6.9084;0.9448;119.7
1117;1.703;107.8225;15.798;0.006557;6.9089;0.9491;120.3
1122;1.705;107.8225;15.813;0.006610;6.9076;0.9570;120.8
1127;1.706;107.8249;15.826;0.006637;6.9081;0.9607;121.3
1132;1.708;107.8204;15.843;0.006689;6.9090;0.9682;121.9
1137;1.710;107.8207;15.860;0.006743;6.9085;0.9760;122.4
1142;1.712;107.8223;15.875;0.006786;6.9087;0.9822;123.0
1147;1.712;107.8186;15.881;0.006751;6.9079;0.9772;123.5
1152;1.714;107.8209;15.893;0.006775;6.9085;0.9807;124.0
1157;1.715;107.8193;15.907;0.006809;6.9084;0.9857;124.6
1162;1.717;107.8198;15.922;0.006856;6.9073;0.9926;125.1
1167;1.718;107.8185;15.935;0.006878;6.9072;0.9958;125.7
1172;1.719;107.8186;15.948;0.006912;6.9079;1.0005;126.2
1177;1.721;107.8209;15.962;0.006960;6.9076;1.0076;126.7
1182;1.722;107.8210;15.972;0.006964;6.9072;1.0083;127.3
1187;1.723;107.8182;15.981;0.006962;6.9064;1.0081;127.8
1192;1.724;107.8195;15.990;0.006963;6.9079;1.0080;128.4
1197;1.726;107.8230;16.004;0.007000;6.9081;1.0133;128.9
1202;1.727;107.8206;16.017;0.007025;6.9090;1.0168;129.4
1207;1.729;107.8227;16.033;0.007071;6.9082;1.0235;130.0
1212;1.730;107.8183;16.046;0.007094;6.9074;1.0270;130.5
1217;1.732;107.8222;16.060;0.007120;6.9089;1.0306;131.0
1222;1.733;107.8200;16.071;0.007131;6.9081;1.0323;131.6
1228;1.734;107.8231;16.083;0.007155;6.9083;1.0357;132.1
1233;1.736;107.8218;16.097;0.007194;6.9086;1.0413;132.7
1238;1.736;107.8186;16.101;0.007144;6.9076;1.0342;133.2
1243;1.738;107.8177;16.117;0.007198;6.9087;1.0419;133.7
1248;1.738;107.8163;16.124;0.007166;6.9087;1.0373;134.3
1253;1.740;107.8185;16.137;0.007199;6.9084;1.0420;134.8
1258;1.741;107.8185;16.146;0.007193;6.9088;1.0411;135.4
1263;1.742;107.8164;16.157;0.007198;6.9078;1.0420;135.9
1268;1.744;107.8171;16.174;0.007262;6.9094;1.0511;136.4
1273;1.745;107.8186;16.182;0.007250;6.9090;1.0494;137.0
1278;1.746;107.8152;16.197;0.007290;6.9074;1.0554;137.5
1283;1.748;107.8171;16.212;0.007331;6.9087;1.0611;138.1
1288;1.748;107.8155;16.215;0.007300;6.9082;1.0568;138.6
1293;1.750;107.8140;16.227;0.007321;6.9085;1.0596;139.1
1298;1.750;107.8169;16.232;0.007298;6.9088;1.0563;139.7
1303;1.751;107.8134;16.239;0.007290;6.9077;1.0553;140.2
1308;1.752;107.8129;16.252;0.007331;6.9073;1.0613;140.8
1313;1.753;107.8132;16.260;0.007321;6.9080;1.0598;141.3
1318;1.754;107.8147;16.270;0.007344;6.9080;1.0631;141.8
1323;1.755;107.8156;16.278;0.007321;6.9076;1.0598;142.4
1328;1.756;107.8144;16.283;0.007316;6.9087;1.0590;142.9
1333;1.756;107.8121;16.291;0.007307;6.9067;1.0579;143.4
1338;1.757;107.8127;16.301;0.007314;6.9069;1.0589;144.0
1343;1.759;107.8143;16.318;0.007370;6.9082;1.0668;144.5
1348;1.760;107.8119;16.327;0.007374;6.9078;1.0675;145.1
1353;1.762;107.8142;16.339;0.007414;6.9087;1.0732;145.6
1358;1.762;107.8151;16.347;0.007410;6.9082;1.0727;146.1
1363;1.764;107.8131;16.358;0.007423;6.9084;1.0745;146.7
1368;1.764;107.8096;16.365;0.007411;6.9078;1.0729;147.2
1373;1.766;107.8125;16.378;0.007437;6.9076;1.0767;147.8
1378;1.768;107.8155;16.394;0.007505;6.9091;1.0862;148.3
1383;1.768;107.8118;16.403;0.007493;6.9080;1.0846;148.8
1388;1.769;107.8113;16.407;0.007457;6.9082;1.0794;149.4
1394;1.771;107.8087;16.423;0.007504;6.9090;1.0862;149.9
1399;1.771;107.8102;16.428;0.007501;6.9088;1.0857;150.5
1404;1.771;107.8108;16.424;0.007486;6.9087;1.0836;151.0
1409;1.769;107.8079;16.413;0.007386;6.9083;1.0691;151.5
1414;1.769;107.8093;16.412;0.007385;6.9079;1.0690;152.1
1419;1.771;107.8079;16.428;0.007424;6.9090;1.0745;152.6
1424;1.772;107.8062;16.438;0.007445;6.9087;1.0776;153.2
1429;1.773;107.8097;16.441;0.007395;6.9084;1.0705;153.7
1434;1.774;107.8096;16.453;0.007429;6.9078;1.0754;154.2
1439;1.775;107.8096;16.462;0.007450;6.9082;1.0784;154.8
1444;1.775;107.8089;16.468;0.007455;6.9081;1.0792;155.3
1449;1.776;107.8069;16.478;0.007466;6.9090;1.0807;155.8
1454;1.777;107.8081;16.483;0.007444;6.9094;1.0774;156.4
1459;1.778;107.8101;16.494;0.007469;6.9092;1.0810;156.9
1464;1.780;107.8091;16.511;0.007533;6.9089;1.0904;157.5
1469;1.780;107.8097;16.515;0.007507;6.9089;1.0866;158.0
1474;1.781;107.8080;16.524;0.007509;6.9080;1.0871;158.5
1479;1.783;107.8097;16.537;0.007556;6.9087;1.0937;159.1
1484;1.784;107.8095;16.546;0.007575;6.9079;1.0966;159.6
1489;1.785;107.8096;16.557;0.007598;6.9090;1.0998;160.2
1494;1.786;107.8072;16.567;0.007614;6.9077;1.1022;160.7
1499;1.787;107.8096;16.572;0.007604;6.9090;1.1007;161.2
1504;1.788;107.8098;16.585;0.007636;6.9090;1.1053;161.8
1509;1.788;107.8085;16.589;0.007619;6.9084;1.1029;162.3
1514;1.790;107.8085;16.604;0.007682;6.9079;1.1120;162.9
1519;1.790;107.8099;16.607;0.007662;6.9080;1.1091;163.4
1524;1.787;107.8113;16.574;0.007382;6.9093;1.0685;163.9
1529;1.788;107.8111;16.588;0.007464;6.9080;1.0804;164.5
1534;1.791;107.8082;16.616;0.007618;6.9077;1.1028;165.0
1539;1.793;107.8072;16.635;0.007716;6.9087;1.1168;165.5
1545;1.794;107.8074;16.638;0.007687;6.9076;1.1128;166.1
1550;1.795;107.8091;16.646;0.007692;6.9075;1.1136;166.6
1555;1.796;107.8092;16.655;0.007696;6.9070;1.1142;167.2
1560;1.797;107.8070;16.669;0.007752;6.9078;1.1223;167.7
1565;1.799;107.8066;16.684;0.007807;6.9069;1.1304;168.2
1570;1.800;107.8060;16.694;0.007834;6.9079;1.1341;168.8
1575;1.801;107.8086;16.704;0.007863;6.9076;1.1383;169.3
1580;1.801;107.8036;16.709;0.007841;6.9079;1.1350;169.9
1585;1.802;107.8062;16.716;0.007836;6.9078;1.1344;170.4
1590;1.803;107.8097;16.726;0.007868;6.9076;1.1390;170.9
1595;1.804;107.8079;16.737;0.007906;6.9075;1.1446;171.5
1600;1.803;107.8071;16.727;0.007791;6.9082;1.1279;172.0
1605;1.804;107.8076;16.732;0.007767;6.9080;1.1243;172.6
1610;1.806;107.8099;16.750;0.007872;6.9065;1.1398;173.1
1615;1.806;107.8076;16.757;0.007848;6.9072;1.1362;173.6
1620;1.808;107.8070;16.767;0.007892;6.9085;1.1424;174.2
1625;1.808;107.8082;16.772;0.007857;6.9075;1.1375;174.7
1630;1.810;107.8071;16.787;0.007957;6.9079;1.1519;175.3
1635;1.811;107.8056;16.802;0.008011;6.9083;1.1596;175.8
1640;1.811;107.8074;16.801;0.007958;6.9079;1.1520;176.3
1645;1.812;107.8104;16.807;0.007960;6.9086;1.1522;176.9
1650;1.812;107.8056;16.804;0.007897;6.9082;1.1431;177.4
1655;1.807;107.8087;16.761;0.007528;6.9078;1.0897;177.9
1660;1.813;107.8070;16.817;0.007921;6.9084;1.1466;178.5
1665;1.816;107.8094;16.842;0.008064;6.9084;1.1673;179.0
1670;1.811;107.8087;16.796;0.007687;6.9084;1.1127;179.6
1675;1.816;107.8080;16.843;0.008038;6.9077;1.1636;180.1
1680;1.809;107.8109;16.782;0.007537;6.9083;1.0910;180.6
1685;1.812;107.8098;16.810;0.007728;6.9086;1.1186;181.2
1691;1.815;107.8084;16.839;0.007944;6.9086;1.1498;181.7
1696;1.814;107.8092;16.824;0.007798;6.9077;1.1288;182.3
1701;1.813;107.8077;16.818;0.007732;6.9076;1.1194;182.8
1706;1.813;107.8058;16.821;0.007739;6.9081;1.1202;183.3
1711;1.813;107.8056;16.818;0.007707;6.9085;1.1155;183.9
1716;1.813;107.8057;16.820;0.007687;6.9074;1.1128;184.4
1721;1.814;107.8091;16.827;0.007757;6.9087;1.1228;185.0
1726;1.816;107.8076;16.846;0.007879;6.9077;1.1405;185.5
1731;1.814;107.8076;16.822;0.007667;6.9081;1.1099;186.0
1736;1.815;107.8081;16.833;0.007738;6.9082;1.1201;186.6
1741;1.818;107.8052;16.860;0.007943;6.9072;1.1499;187.1
1746;1.814;107.8066;16.823;0.007614;6.9086;1.1021;187.7
1751;1.818;107.8054;16.866;0.007928;6.9087;1.1475;188.2
